         52
  -52365576
  586451479
  959449352
-1892578906
 1175863512
  698799958
   -7779761
 1203511688
 -256844293
  648553240
 -719316420
 -474306248
-1038642587
 1050623836
  489851896
 1055626144
 -320451594
  979855803
 -756560995
   19663608
 2141434839
 2082266880
  906334032
 -307571682
 1371232641
 1236581825
 1058648713
 -327943410
 1854205510
  691119331
 1418420324
   -9910737
-1615182424
  567801179
  891027671
  200061881
-1394700266
  932239975
 -820023464
 -837997370
 -186869573
-1367751488
 -420133893
 -417437888
  -89357113
  137890194
-1067999111
 -508178707
  111754470
-1256902091
 -685364992
-1768509428
 -890814405
-1633819407
-1142433668
 1792964421
 -605068422
 1935680066
-1720538750
 -845654065
 -452484137
  197097549
  -64437061
 1639427261
 1110792847
-1194035276
-1797124501
 1935498113
  303642318
-1678606902
   82508028
 -423844927
 -845573927
-1634367087
 -125711729
  191804935
 -653444179
 1414683167
 -129270629
  543816266
 -692807227
 1664695576
-1863365796
  137074013
-1215703685
 1754939101
  519322440
   92846958
 -408128245
 1270011000
 -830307479
-1220378140
 2010032651
  206729989
-1707623424
  359650439
 -397946826
 1781782491
  911943926
 -899999732
  902935352
 -509137833
-1091584790
 1317357411
 1777749056
  860396569
-1753458244
-1731524391
 1255794100
  583841162
 -684150457
   29451326
  120558368
  226213040
  589760800
-2014078089
-1059234645
  593046006
 -626495153
 -390261724
-1789522348
 1409101645
-1784999891
  686442591
 1111817188
   45944481
 1900959447
 -568598074
 1238049215
-1569373477
-1321305765
-1603423761
   74049129
  578819366
 1089653658
-1781473744
 1815220821
-1354875176
   -2796378
   75480045
 -967250952
  268315433
 -415823547
  504971874
  176617290
 -794271428
-1373274205
 2128626468
 1230122952
-1672647656
-1837983641
  674955816
  222346356
-1424033498
 -939439612
 -131228226
  251707370
 -248837872
 -203270826
-1561629807
  -64268281
 1089406876
 1154582527
-2085730659
 1207985763
-1905361458
 -857200865
 1347273597
 -984936983
-1705740354
-1204306873
 -260500854
  474965775
 1529884291
-1207200579
 -225184377
 1955404298
 -135196769
-1681491631
-1884693212
 -321544424
-1656652510
 -146539027
  743402282
 -241412291
  -24714352
 -928726640
  931399861
    3401774
  124121973
 1259612987
-1746762213
 -506766909
-1243019575
 1909620454
 1733856488
 1368100046
-1211882385
  386884225
-1622096473
-1051292165
 1582440352
 1418642148
 1946752657
  396424221
 -857343152
 -200041956
  457903271
 -814016851
 -890896770
  919806400
 1857126896
  847860086
 1517493484
-1460467457
-1653048539
  717292290
 1602728577
 -186142897
 1099973600
 -321616729
-1708951146
 1672024349
-1803882902
 -844645576
-1602760889
 1552015076
-1308324257
 -966407173
  301536184
-1826407525
 -564187330
 -987740432
 1627662885
 -387613081
  -92643615
 1204179571
 -860311675
  784422892
 -492033266
-2035774059
-1630548575
 1004042610
 1048626784
  515432543
-1501241113
-1435621263
-1333738819
 1091887310
 -148884524
 1607973341
 -413351915
-1606946689
-2055763707
 1456189014
  -29310501
 -140497919
-1305139633
 1792671846
-1607299228
 1707344744
-1328435453
 -585268316
 1889173553
 1968290707
 -207071644
 -966423923
 1271427615
 1159204900
  167590619
 -573671052
 1797041708
 2070670766
 1940245435
 1557297238
 -663622628
  809411984
 2069455092
-1469231551
 2117858259
  654306044
-1655765370
  780200237
 -180997190
 -755769010
-1715782122
-1043622539
-1363475959
 -528768874
 2112709970
-1123623125
-1727156532
-1684458016
-1893418575
-1115669233
 1139037913
-1929528967
   31514442
 1773107648
-1358662022
 -818186950
 -689769471
  555201202
 -628302658
 -647555407
  893906485
 1578570762
 1054366244
 -194643262
 1910607611
 1658402117
 -973314648
 -987086677
 -962331464
  714654370
-1386236414
 -590578041
-1535928657
-1218401672
  317553004
 -185921819
-1470984399
 1517492326
-1422200238
  -85394126
 1883149597
 1577481900
 1958813201
 1088622761
-1578200537
 1173328406
  -11415804
 1481451100
  586397700
  555569925
 1122416553
  781315365
 1737422704
 1444929876
 1685131093
 -281379325
 1548352969
  -11822667
 -440112448
  162523538
 1420493727
  599542345
 1690004173
 -777454736
 -395580545
 1353157266
-1775361872
 -106778891
  242064069
  531914790
-1179154879
 -543086453
  363685121
-1924794921
 1324138344
-1069259019
  232358306
-1227020266
  641980230
  268157722
  171918031
-1668205966
-1104476380
  279957014
 -151106466
 -932213776
  947621861
-1533167308
 -739707546
-1964051422
 1912666172
 1834225512
-1991120365
 -728351699
 1772918228
 2076812820
  126231487
  312173643
 -374871253
  477118696
 -468744949
  743266112
-1397596873
-1598727198
 -299220119
 -322647914
  -51815893
-1406172274
-1069693927
 -716520457
-1610271980
  963614501
 1689729838
 -962359069
   68173836
  752853155
  518303996
-2018224836
 1953596859
 -496864761
  132051480
 -768373755
 -698138593
  946256218
-1202658100
 1931689570
  735405466
-1847833116
  539662439
  914195223
  547500426
-1143199607
-1537332811
  -88975348
 1446574781
 -809497101
  411580032
  383541558
  713195041
 1616158127
 1349601212
-1649583069
  -22561512
 1299335846
  247012019
-1253105444
  -94793772
  912786707
  225908957
-1933933032
-1532582119
-1842452092
 -424445800
 1298772056
 1901613387
 -287562790
 -313888960
-1855096793
 -219548503
-1313116403
 1187194232
 1716493931
 -450236423
-1550448291
  926124650
-1214030292
  -49119512
-1715083499
 1122525353
  770757736
  538641356
-1857608735
-1385147816
   33009420
  581133416
-1161892746
  824414666
 -373804456
  717812671
 1383280983
 1130896778
 1729310095
  127521020
 1135647240
  759698176
  847647355
  874861072
 1762732758
  591266535
 2092293788
 -928450482
  978803540
-1413358075
  993238775
-1857746430
 1315694321
 1693519659
 -293775359
 1738026480
 -177997388
   50611335
  658681587
  -89022098
  130438450
  726467257
  964266223
-1013975238
 -707113917
  481554783
 -653120090
  145488644
  374349933
 -681112156
 -228543875
-1430160839
  345929777
 -604496307
-1092650343
 2123573540
  775367141
 1927065625
  685316144
-2098560373
  282663152
-1489269926
  546872230
  743575391
 -294640532
 1253372002
 -639623682
 -597220165
 -831629956
 1344596622
  695893362
  815153845
 1196205374
 1972728617
  476528640
   80022653
  260795103
-1540522098
  555253864
-1312822779
 1931797716
  661563074
  948093955
 1615612275
 -305406624
  -66966666
-1661182994
-2122417601
  494191487
  254930791
 1626888469
-1682637462
 -618574824
-1823688190
-1396698855
 1423245989
 -258685157
 -441857906
-1373052043
 1607306439
  859553072
-1756072135
 -581891389
 1568164648
  871543371
 2127389469
 -834138945
 1121038704
-1541858769
-1909593514
-1403947816
  401645061
-1315692177
 -420967334
 -614471409
 -383005902
  588692139
-1017392135
-2007796366
 -240199041
-1846968650
  659449421
 1437180740
-1820825382
 1160782120
-1821511103
 -645161812
 1145608221
-1629496565
-1208152667
 -521655193
-1873232602
  615215350
-1044053399
  -80868237
  190334210
  350220857
 -274924257
-1152569207
-1901400245
 -643190660
  178658917
  209908013
 1000131258
  -75950825
  138072202
 1660971770
-1394009127
 -719438642
 1592373926
 -805568194
-2092417192
-1765200595
 1035624321
 -688509290
-2019217969
-1656131439
-1865286708
 -494219500
 -471360008
 2040009569
 1528403827
 -866856215
-2113951126
 1378801911
  912082283
-1680434892
 -443807846
 1449008588
  460786676
 1246861948
 1278746909
-1173401707
  -35458057
  150038032
 1193274457
